1 1 1
2
1 1
3 1
3 4 2 3 2
4
2 2
2 3
3 2
4 2
9 9 9 9 9 9 9 9 9 9 9 9 9 9 9 9 9 9 9 9
42
1 1
2 1
3 2
4 2
5 3
6 3
7 4
8 4
9 5
10 5
11 5
12 5
13 6
14 6
15 7
16 7
17 8
18 8
19 9
20 9
1 9
2 9
3 9
4 8
5 8
6 7
7 7
8 6
9 6
10 5
11 5
12 4
13 4
14 3
15 3
16 2
17 2
18 1
19 1
20 1
3 1
18 9
1 2 3 4 5 6 7 8 9
24
3 1
1 1
2 1
6 1
4 1
7 1
5 1
9 6
8 1
9 1
2 2
3 3
4 4
5 5
9 2
9 3
9 4
6 6
7 7
8 8
9 9
9 5
9 7
9 8
5 4 4 3 3 2 2 1 1 1 2 2 3 3 4 4 5
31
1 1
1 2
1 3
1 4
1 5
2 4
3 1
3 4
4 3
5 1
5 3
6 2
7 1
7 2
8 1
9 1
10 1
11 1
11 2
12 2
13 1
13 3
14 3
15 1
15 4
16 4
17 1
17 2
17 3
17 4
17 5
1
0