6
Saturn
skyscraper
highway
window
scoreboard
0 3 0 0 0 0
0 0 1 0 0 1
0 0 0 1 0 0
0 0 0 0 2 0
0 0 0 0 0 1
6
5
4
3
2
1
0
1
1
0
11
Saturn
Milky Way
Space Station
moon
the sun
Pluto
Mars
Orion constalation
black hole
big dipper
0 3 3 3 3 3 3 3 3 3 3
0 0 2 2 2 2 2 2 2 2 2
0 0 0 1 1 1 1 1 1 1 1
0 0 0 0 1 1 1 1 1 1 1
0 0 0 0 0 2 2 2 2 2 2
0 0 0 0 0 0 3 3 3 3 3
0 0 0 0 0 0 0 3 3 3 3
0 0 0 0 0 0 0 0 2 2 2
0 0 0 0 0 0 0 0 0 2 2
0 0 0 0 0 0 0 0 0 0 2
1
11
0
11
Saturn
Milky Way
Space Station
moon
the sun
Pluto
Mars
Orion constalation
black hole
big dipper
0 0 0 0 0 3 0 0 0 0 0
0 0 0 2 0 0 0 0 0 0 0
0 0 0 0 0 0 1 0 0 0 0
0 0 0 0 0 0 0 0 1 0 0
0 0 0 0 0 0 0 0 0 0 2
0 0 3 0 0 0 0 0 0 0 0
0 0 0 0 3 0 0 0 0 0 0
2 0 0 0 0 0 0 0 0 0 0
0 0 0 0 0 0 0 0 0 2 0
0 0 0 0 0 0 0 2 0 0 0
2
0
10
A
B
C
D
E
F
G
H
I
0 1 0 0 0 0 2 3 0 0
0 0 1 2 0 0 0 0 3 0
0 0 0 1 2 0 0 0 0 0
0 0 0 0 0 3 1 0 0 0
0 0 0 0 0 0 0 0 0 0
0 0 0 0 2 0 0 0 0 3
0 0 0 0 0 1 0 0 0 0
0 0 0 0 2 0 0 0 0 0
0 0 0 0 3 0 0 1 0 0
1
0
14
A
B
C
D
E
F
G
H
I
J
K
L
M
0 1 0 0 2 0 0 0 0 0 0 0 0 3
0 0 1 0 2 3 1 0 0 0 0 0 0 0
0 0 0 2 3 1 2 0 0 0 0 0 0 0
0 0 0 0 0 0 0 0 0 0 0 0 0 0
0 0 0 0 0 3 0 0 0 0 0 0 0 0
0 0 0 1 0 0 2 0 0 0 0 0 0 0
0 0 0 3 0 0 0 0 0 0 0 0 0 0
1 2 3 1 2 3 1 0 2 3 1 2 3 1
0 0 0 0 0 0 0 0 0 2 0 3 0 0
0 1 2 3 1 2 3 0 0 0 1 0 0 0
0 2 3 1 2 3 1 0 0 0 0 0 0 0
0 0 0 0 0 0 0 0 0 0 0 0 0 2
0 3 0 0 1 0 0 0 2 0 0 0 0 0
1
9
13
0
